30.8 1.41623e-12
30.9 1.49689e-12
31 1.58211e-12
31.1 1.67216e-12
31.2 1.76729e-12
31.3 1.8678e-12
31.4 1.97397e-12
31.5 2.08613e-12
31.6 2.2046e-12
31.7 2.32974e-12
31.8 2.46191e-12
31.9 2.60149e-12
32 2.7489e-12
32.1 2.90457e-12
32.2 3.06893e-12
32.3 3.24248e-12
32.4 3.42571e-12
32.5 3.61916e-12
32.6 3.82337e-12
32.7 4.03892e-12
32.8 4.26645e-12
32.9 4.50658e-12
33 4.75999e-12
33.1 5.02742e-12
33.2 5.30959e-12
33.3 5.60731e-12
33.4 5.92141e-12
33.5 6.25276e-12
33.6 6.60227e-12
33.7 6.97091e-12
33.8 7.3597e-12
33.9 7.76969e-12
34 8.20199e-12
34.1 8.65779e-12
34.2 9.13834e-12
34.3 9.64488e-12
34.4 1.01788e-11
34.5 1.07415e-11
34.6 1.13345e-11
34.7 1.19594e-11
34.8 1.26177e-11
34.9 1.33113e-11
35 1.40418e-11
35.1 1.48113e-11
35.2 1.56217e-11
35.3 1.6475e-11
35.4 1.73734e-11
35.5 1.83193e-11
35.5999 1.93149e-11
35.6999 2.03628e-11
35.7999 2.14656e-11
35.8999 2.2626e-11
35.9999 2.38469e-11
36.0999 2.51312e-11
36.1999 2.64822e-11
36.2999 2.79029e-11
36.3999 2.93969e-11
36.4999 3.09677e-11
36.5999 3.2619e-11
36.6999 3.43548e-11
36.7999 3.61789e-11
36.8999 3.80959e-11
36.9999 4.01098e-11
37.0999 4.22255e-11
37.1999 4.44478e-11
37.2999 4.67816e-11
37.3999 4.92321e-11
37.4999 5.18048e-11
37.5999 5.45054e-11
37.6999 5.73397e-11
37.7999 6.03139e-11
37.8999 6.34345e-11
37.9999 6.67079e-11
38.0999 7.01413e-11
38.1999 7.37418e-11
38.2999 7.75168e-11
38.3999 8.14741e-11
38.4999 8.56218e-11
38.5999 8.99685e-11
38.6999 9.45226e-11
38.7999 9.92932e-11
38.8999 1.0429e-10
38.9999 1.09522e-10
39.0999 1.15e-10
39.1999 1.20735e-10
39.2999 1.26736e-10
39.3999 1.33016e-10
39.4999 1.39586e-10
39.5999 1.46458e-10
39.6999 1.53644e-10
39.7999 1.61157e-10
39.8999 1.69011e-10
39.9999 1.7722e-10
40.0999 1.85796e-10
40.1999 1.94757e-10
40.2999 2.04115e-10
40.3999 2.13888e-10
40.4999 2.2409e-10
40.5999 2.3474e-10
40.6999 2.45853e-10
40.7999 2.57447e-10
40.8999 2.69541e-10
40.9999 2.82154e-10
41.0999 2.95304e-10
41.1999 3.0901e-10
41.2999 3.23295e-10
41.3999 3.38177e-10
41.4999 3.53679e-10
41.5999 3.69823e-10
41.6999 3.86631e-10
41.7999 4.04125e-10
41.8999 4.2233e-10
41.9999 4.4127e-10
42.0998 4.60969e-10
42.1998 4.81452e-10
42.2998 5.02746e-10
42.3998 5.24877e-10
42.4998 5.47871e-10
42.5998 5.71755e-10
42.6998 5.9656e-10
42.7998 6.22311e-10
42.8998 6.49038e-10
42.9998 6.76771e-10
43.0998 7.05539e-10
43.1998 7.35373e-10
43.2998 7.66304e-10
43.3998 7.98362e-10
43.4998 8.3158e-10
43.5998 8.65989e-10
43.6998 9.01622e-10
43.7998 9.38511e-10
43.8998 9.76688e-10
43.9998 1.01619e-09
44.0998 1.05705e-09
44.1998 1.09929e-09
44.2998 1.14296e-09
44.3998 1.18809e-09
44.4998 1.2347e-09
44.5998 1.28285e-09
44.6998 1.33255e-09
44.7998 1.38384e-09
44.8998 1.43676e-09
44.9998 1.49135e-09
45.0998 1.54762e-09
45.1998 1.60562e-09
45.2998 1.66539e-09
45.3998 1.72694e-09
45.4998 1.79032e-09
45.5998 1.85555e-09
45.6998 1.92268e-09
45.7998 1.99171e-09
45.8998 2.06269e-09
45.9998 2.13565e-09
46.0998 2.21061e-09
46.1998 2.28759e-09
46.2998 2.36663e-09
46.3998 2.44775e-09
46.4998 2.53097e-09
46.5998 2.6163e-09
46.6998 2.70379e-09
46.7998 2.79343e-09
46.8998 2.88525e-09
46.9998 2.97927e-09
47.0998 3.07549e-09
47.1998 3.17393e-09
47.2998 3.2746e-09
47.3998 3.37751e-09
47.4998 3.48266e-09
47.5998 3.59005e-09
47.6998 3.69968e-09
47.7998 3.81157e-09
47.8998 3.92568e-09
47.9998 4.04203e-09
48.0998 4.16061e-09
48.1998 4.28139e-09
48.2998 4.40436e-09
48.3998 4.52952e-09
48.4998 4.65682e-09
48.5998 4.78625e-09
48.6997 4.91778e-09
48.7997 5.05138e-09
48.8997 5.18701e-09
48.9997 5.32463e-09
49.0997 5.46421e-09
49.1997 5.6057e-09
49.2997 5.74903e-09
49.3997 5.89418e-09
49.4997 6.04107e-09
49.5997 6.18964e-09
49.6997 6.33984e-09
49.7997 6.49159e-09
49.8997 6.64481e-09
49.9997 6.79944e-09
50.0997 6.9554e-09
50.1997 7.11259e-09
50.2997 7.27092e-09
50.3997 7.43032e-09
50.4997 7.59069e-09
50.5997 7.75191e-09
50.6997 7.9139e-09
50.7997 8.07653e-09
50.8997 8.23971e-09
50.9997 8.40332e-09
51.0997 8.56723e-09
51.1997 8.73134e-09
51.2997 8.8955e-09
51.3997 9.0596e-09
51.4997 9.22351e-09
51.5997 9.38709e-09
51.6997 9.5502e-09
51.7997 9.71271e-09
51.8997 9.87446e-09
51.9997 1.00353e-08
52.0997 1.01952e-08
52.1997 1.03538e-08
52.2997 1.05111e-08
52.3997 1.06669e-08
52.4997 1.08211e-08
52.5997 1.09735e-08
52.6997 1.1124e-08
52.7997 1.12723e-08
52.8997 1.14184e-08
52.9997 1.1562e-08
53.0997 1.17031e-08
53.1997 1.18415e-08
53.2997 1.1977e-08
53.3997 1.21094e-08
53.4997 1.22386e-08
53.5997 1.23645e-08
53.6997 1.2487e-08
53.7997 1.26057e-08
53.8997 1.27207e-08
53.9997 1.28318e-08
54.0997 1.29387e-08
54.1997 1.30415e-08
54.2997 1.314e-08
54.3997 1.32339e-08
54.4997 1.33233e-08
54.5997 1.34079e-08
54.6997 1.34878e-08
54.7997 1.35626e-08
54.8997 1.36324e-08
54.9997 1.36971e-08
55.0997 1.37565e-08
55.1996 1.38105e-08
55.2996 1.38591e-08
55.3996 1.39022e-08
55.4996 1.39397e-08
55.5996 1.39716e-08
55.6996 1.39977e-08
55.7996 1.40181e-08
55.8996 1.40327e-08
55.9996 1.40414e-08
56.0996 1.40442e-08
56.1996 1.40412e-08
56.2996 1.40322e-08
56.3996 1.40173e-08
56.4996 1.39964e-08
56.5996 1.39697e-08
56.6996 1.3937e-08
56.7996 1.38984e-08
56.8996 1.3854e-08
56.9996 1.38038e-08
57.0996 1.37477e-08
57.1996 1.3686e-08
57.2996 1.36186e-08
57.3996 1.35456e-08
57.4996 1.34671e-08
57.5996 1.33831e-08
57.6996 1.32938e-08
57.7996 1.31993e-08
57.8996 1.30995e-08
57.9996 1.29948e-08
58.0996 1.28851e-08
58.1996 1.27706e-08
58.2996 1.26515e-08
58.3996 1.25278e-08
58.4996 1.23996e-08
58.5996 1.22673e-08
58.6996 1.21308e-08
58.7996 1.19904e-08
58.8996 1.18461e-08
58.9996 1.16982e-08
59.0996 1.15469e-08
59.1996 1.13922e-08
59.2996 1.12344e-08
59.3996 1.10736e-08
59.4996 1.09101e-08
59.5996 1.07439e-08
59.6996 1.05753e-08
59.7996 1.04045e-08
59.8996 1.02316e-08
59.9996 1.00568e-08
60.0996 9.88031e-09
60.1996 9.70231e-09
60.2996 9.52299e-09
60.3996 9.34251e-09
60.4996 9.16105e-09
60.5996 8.97882e-09
60.6996 8.79596e-09
60.7996 8.61267e-09
60.8996 8.42912e-09
60.9996 8.24547e-09
61.0996 8.06191e-09
61.1996 7.87857e-09
61.2996 7.69564e-09
61.3996 7.51328e-09
61.4996 7.33163e-09
61.5996 7.15084e-09
61.6996 6.97107e-09
61.7995 6.79245e-09
61.8995 6.61512e-09
61.9995 6.43922e-09
62.0995 6.26486e-09
62.1995 6.09217e-09
62.2995 5.92128e-09
62.3995 5.75228e-09
62.4995 5.58529e-09
62.5995 5.42042e-09
62.6995 5.25775e-09
62.7995 5.09737e-09
62.8995 4.93937e-09
62.9995 4.78383e-09
63.0995 4.63082e-09
63.1995 4.48041e-09
63.2995 4.33266e-09
63.3995 4.18763e-09
63.4995 4.04536e-09
63.5995 3.9059e-09
63.6995 3.76932e-09
63.7995 3.63561e-09
63.8995 3.50482e-09
63.9995 3.37698e-09
64.0995 3.2521e-09
64.1995 3.13019e-09
64.2995 3.01128e-09
64.3995 2.89537e-09
64.4995 2.78244e-09
64.5995 2.67251e-09
64.6995 2.56557e-09
64.7995 2.4616e-09
64.8995 2.36059e-09
64.9995 2.26253e-09
65.0995 2.16737e-09
65.1995 2.07511e-09
65.2995 1.98572e-09
65.3995 1.89915e-09
65.4995 1.81539e-09
65.5995 1.73438e-09
65.6995 1.6561e-09
65.7995 1.5805e-09
65.8995 1.50752e-09
65.9995 1.43714e-09
66.0995 1.3693e-09
66.1995 1.30395e-09
66.2995 1.24104e-09
66.3995 1.18052e-09
66.4995 1.12234e-09
66.5995 1.06644e-09
66.6995 1.01277e-09
66.7995 9.61264e-10
66.8995 9.11878e-10
66.9995 8.64554e-10
67.0995 8.19229e-10
67.1995 7.75853e-10
67.2995 7.34363e-10
67.3995 6.94704e-10
67.4995 6.56824e-10
67.5995 6.2066e-10
67.6995 5.8616e-10
67.7995 5.53269e-10
67.8995 5.21929e-10
67.9995 4.92087e-10
68.0995 4.63693e-10
68.1995 4.36689e-10
68.2995 4.11025e-10
68.3995 3.86652e-10
68.4995 3.63517e-10
68.5994 3.41572e-10
68.6994 3.20772e-10
68.7994 3.01065e-10
68.8994 2.82409e-10
68.9994 2.64757e-10
69.0994 2.48066e-10
69.1994 2.32296e-10
69.2994 2.17402e-10
69.3994 2.03346e-10
69.4994 1.90091e-10
69.5994 1.77597e-10
69.6994 1.65828e-10
69.7994 1.5475e-10
69.8994 1.44329e-10
69.9994 1.34531e-10
70.0994 1.25326e-10
70.1994 1.16683e-10
70.2994 1.08572e-10
70.3994 1.00967e-10
70.4994 9.38399e-11
70.5994 8.71651e-11
70.6994 8.09173e-11
70.7994 7.50735e-11
70.8994 6.96112e-11
70.9994 6.45081e-11
71.0994 5.9744e-11
71.1994 5.52996e-11
71.2994 5.11553e-11
71.3994 4.72937e-11
71.4994 4.36981e-11
71.5994 4.03517e-11
71.6994 3.72396e-11
71.7994 3.43473e-11
71.8994 3.16607e-11
71.9994 2.91669e-11
72.0994 2.68537e-11
72.1994 2.47091e-11
72.2994 2.27223e-11
72.3994 2.08828e-11
72.4994 1.91807e-11
72.5994 1.7607e-11
72.6994 1.61525e-11
72.7994 1.48094e-11
72.8994 1.35699e-11
72.9994 1.24265e-11
73.0994 1.13727e-11
73.1994 1.04021e-11
73.2994 9.50848e-12
73.3994 8.68642e-12
73.4994 7.93069e-12
73.5994 7.23629e-12
73.6994 6.59871e-12
73.7994 6.0137e-12
73.8994 5.4772e-12
73.9994 4.98554e-12
74.0994 4.53529e-12
74.1994 4.12318e-12
74.2994 3.74626e-12
74.3994 3.4017e-12
74.4994 3.08695e-12
74.5994 2.79964e-12
74.6994 2.53751e-12
74.7994 2.29851e-12
74.8994 2.08077e-12
74.9994 1.88249e-12
75.0993 1.70206e-12
75.1993 1.538e-12
75.2993 1.38889e-12
75.3993 1.25346e-12
75.4993 1.13056e-12
75.5993 1.01907e-12
75.6993 9.18015e-13
75.7993 8.26476e-13
75.8993 7.43603e-13
75.9993 6.68632e-13
76.0993 6.00845e-13
76.1993 5.39598e-13
76.2993 4.84298e-13
76.3993 4.34394e-13
76.4993 3.89393e-13
76.5993 3.48839e-13
76.6993 3.12314e-13
76.7993 2.7944e-13
76.8993 2.49873e-13
76.9993 2.23295e-13
77.0993 1.9942e-13
77.1993 1.77989e-13
77.2993 1.58761e-13
77.3993 1.41522e-13
77.4993 1.26078e-13
77.5993 1.12249e-13
77.6993 9.98749e-14
77.7993 8.88092e-14
77.8993 7.89203e-14
77.9993 7.00893e-14
78.0993 6.22074e-14
78.1993 5.51774e-14
78.2993 4.89117e-14
78.3993 4.33301e-14
78.4993 3.83615e-14
78.5993 3.39418e-14
78.6993 3.00122e-14
78.7993 2.65211e-14
78.8993 2.34215e-14
78.9993 2.06711e-14
79.0993 1.82323e-14
79.1993 1.60713e-14
79.2993 1.41575e-14
79.3993 1.24638e-14
79.4993 1.09658e-14
79.5993 9.64184e-15
79.6993 8.47247e-15
79.7993 7.44018e-15
79.8993 6.52958e-15
79.9993 5.72689e-15
80.0993 5.01967e-15
80.1993 4.39703e-15
80.2993 3.84924e-15
80.3993 3.36755e-15
80.4993 2.9443e-15
80.5993 2.57264e-15
80.6993 2.24647e-15
80.7993 1.96042e-15
